1 -1 -1 -1 -1 -1 -1 -1 -0.051584 0.008915 0.526125 -2.228031 0.054291 -0.15894 1599418797166 1599418797505 1599418863997
1 -1 -1 -1 -1 -1 -1 -1 -0.062817 0.020289 0.522223 -2.264227 -0.004313 -0.177241 1599418797999 1599418798361 1599418864833
1 -1 -1 -1 -1 -1 -1 -1 -0.065545 0.017241 0.522806 -2.25993 -0.012617 -0.170738 1599418798731 1599418799071 1599418865547
1 -1 -1 -1 -1 -1 -1 -1 -0.05844 0.017 0.521963 -2.253473 -0.00304 -0.162007 1599418799399 1599418799744 1599418866267
1 -1 -1 -1 -1 -1 -1 -1 -0.04391 0.019522 0.525188 -2.259524 -0.002433 -0.124594 1599418800104 1599418800453 1599418866937
1 -1 -1 -1 -1 -1 -1 -1 -0.059434 0.018338 0.522501 -2.257499 -0.034089 -0.151143 1599418800836 1599418801181 1599418867650
1 -1 -1 -1 -1 -1 -1 -1 -0.062511 0.016147 0.522767 -2.253309 -0.025023 -0.158017 1599418801534 1599418801876 1599418868397
1 -1 -1 -1 -1 -1 -1 -1 -0.06862 0.021406 0.5226 -2.272288 -0.0432 -0.170328 1599418802407 1599418802767 1599418869247
1 -1 -1 -1 -1 -1 -1 -1 -0.075311 0.02538 0.523441 -2.279941 -0.062354 -0.182858 1599418803173 1599418803518 1599418870068
1 -1 -1 -1 -1 -1 -1 -1 -0.073017 0.028353 0.521325 -2.282535 -0.051939 -0.18433 1599418803907 1599418804255 1599418870729
1 -1 -1 -1 -1 -1 -1 -1 -0.0695 0.030305 0.520955 -2.281229 -0.051953 -0.17016 1599418804673 1599418805020 1599418871707
1 -1 -1 -1 -1 -1 -1 -1 -0.070494 0.032191 0.523517 -2.288008 -0.05569 -0.177917 1599418805340 1599418805689 1599418872247
1 -1 -1 -1 -1 -1 -1 -1 -0.076989 0.034402 0.52011 -2.292204 -0.053773 -0.184888 1599418806077 1599418806433 1599418873011
1 -1 -1 -1 -1 -1 -1 -1 -0.075674 0.035704 0.519941 -2.294698 -0.06462 -0.181592 1599418806774 1599418807123 1599418873596
1 -1 -1 -1 -1 -1 -1 -1 -0.072285 0.038572 0.523657 -2.305497 -0.060109 -0.173545 1599418807545 1599418807892 1599418874368
1 -1 -1 -1 -1 -1 -1 -1 -0.043722 0.106316 0.528866 -2.474652 -0.133801 -0.105978 1599418809052 1599418809365 1599418875859
1 -1 -1 -1 -1 -1 -1 -1 -0.151451 0.059135 0.515228 -2.345019 -0.208253 -0.18484 1599418810514 1599418810845 1599418877304
1 -1 -1 -1 -1 -1 -1 -1 -0.097032 0.010917 0.524388 -2.252027 -0.134856 -0.112014 1599418811281 1599418811630 1599418878147
1 -1 -1 -1 -1 -1 -1 -1 -0.110005 -0.005085 0.52127 -2.234355 -0.167546 -0.128132 1599418812114 1599418812461 1599418878922
1 -1 -1 -1 -1 -1 -1 -1 -0.096456 0.018301 0.528507 -2.287521 -0.104038 -0.1111 1599418812781 1599418813128 1599418879608
